structure(list(continent = structure(c(1L, 1L, 1L, 1L, 1L, 1L, 
1L, 1L, 1L, 1L, 1L, 1L, 1L, 1L, 1L, 1L, 1L, 1L, 1L, 1L, 1L, 1L, 
1L, 1L, 1L, 1L, 1L, 1L, 1L, 1L, 1L, 1L, 1L, 1L, 1L, 1L, 1L, 1L, 
1L, 1L, 1L, 1L, 1L, 1L, 1L, 1L, 1L, 1L, 1L, 1L, 1L, 1L, 1L, 1L, 
1L, 1L, 1L, 1L, 1L, 1L, 1L, 1L, 1L, 1L, 1L, 1L, 1L, 1L, 1L, 1L, 
1L, 1L, 1L, 1L, 1L, 1L, 1L, 1L, 1L, 1L, 1L, 1L, 1L, 1L, 1L, 1L, 
1L, 1L, 1L, 1L, 1L, 1L, 1L, 1L, 1L, 1L, 1L, 1L, 1L, 1L, 1L, 1L, 
1L, 1L, 1L, 1L, 1L, 1L, 1L, 1L, 1L, 1L, 1L, 1L, 1L, 1L, 1L, 1L, 
1L, 1L, 1L, 1L, 1L, 1L, 1L, 1L, 1L, 1L, 1L, 1L, 1L, 1L, 1L, 1L, 
1L, 1L, 1L, 1L, 1L, 1L, 1L, 1L, 1L, 1L, 1L, 1L, 1L, 1L, 1L, 1L, 
1L, 1L, 1L, 1L, 1L, 1L, 1L, 1L, 1L, 1L, 1L, 1L, 1L, 1L, 1L, 1L, 
1L, 1L, 1L, 1L, 1L, 1L, 1L, 1L, 1L, 1L, 1L, 1L, 1L, 1L, 1L, 1L, 
1L, 1L, 1L, 1L, 1L, 1L, 1L, 1L, 1L, 1L, 1L, 1L, 1L, 1L, 1L, 1L, 
1L, 1L, 1L, 1L, 1L, 1L, 1L, 1L, 1L, 1L, 1L, 1L, 1L, 1L, 1L, 1L, 
1L, 1L, 1L, 1L, 1L, 1L, 1L, 1L, 1L, 1L, 1L, 1L, 1L, 1L, 1L, 1L, 
1L, 1L, 1L, 1L, 1L, 1L, 1L, 1L, 1L, 1L, 1L, 1L, 1L, 1L, 1L, 1L, 
1L, 1L, 1L, 1L, 1L, 1L, 1L, 1L, 1L, 1L, 1L, 1L, 1L, 1L, 1L, 1L, 
1L, 1L, 1L, 1L, 1L, 1L, 1L, 1L, 1L, 1L, 1L, 1L, 1L, 1L, 1L, 1L, 
1L, 1L, 1L, 1L, 1L, 1L, 1L, 1L, 1L, 1L, 1L, 1L, 1L, 1L, 1L, 1L, 
1L, 1L, 1L, 1L, 1L, 1L), .Label = "Americas", class = "factor"), 
    country = structure(c(1L, 1L, 1L, 1L, 1L, 1L, 1L, 1L, 1L, 
    1L, 1L, 1L, 1L, 1L, 1L, 1L, 1L, 1L, 1L, 1L, 1L, 1L, 1L, 1L, 
    2L, 2L, 2L, 2L, 2L, 2L, 2L, 2L, 2L, 2L, 2L, 2L, 1L, 1L, 1L, 
    1L, 1L, 1L, 1L, 1L, 1L, 1L, 1L, 1L, 1L, 1L, 1L, 1L, 1L, 1L, 
    1L, 1L, 1L, 1L, 1L, 1L, 1L, 1L, 1L, 1L, 1L, 1L, 1L, 1L, 1L, 
    1L, 1L, 1L, 1L, 1L, 1L, 1L, 1L, 1L, 1L, 1L, 1L, 1L, 1L, 1L, 
    1L, 1L, 1L, 1L, 1L, 1L, 1L, 1L, 1L, 1L, 1L, 1L, 1L, 1L, 1L, 
    1L, 1L, 1L, 1L, 1L, 1L, 1L, 1L, 1L, 1L, 1L, 1L, 1L, 1L, 1L, 
    1L, 1L, 1L, 1L, 1L, 1L, 1L, 1L, 1L, 1L, 1L, 1L, 1L, 1L, 1L, 
    1L, 1L, 1L, 1L, 1L, 1L, 1L, 1L, 1L, 1L, 1L, 1L, 1L, 1L, 1L, 
    1L, 1L, 1L, 1L, 1L, 1L, 1L, 1L, 1L, 1L, 1L, 1L, 1L, 1L, 1L, 
    1L, 1L, 1L, 1L, 1L, 1L, 1L, 1L, 1L, 1L, 1L, 1L, 1L, 1L, 1L, 
    1L, 1L, 1L, 1L, 1L, 1L, 3L, 3L, 3L, 3L, 3L, 3L, 3L, 3L, 3L, 
    3L, 3L, 3L, 1L, 1L, 1L, 1L, 1L, 1L, 1L, 1L, 1L, 1L, 1L, 1L, 
    1L, 1L, 1L, 1L, 1L, 1L, 1L, 1L, 1L, 1L, 1L, 1L, 1L, 1L, 1L, 
    1L, 1L, 1L, 1L, 1L, 1L, 1L, 1L, 1L, 1L, 1L, 1L, 1L, 1L, 1L, 
    1L, 1L, 1L, 1L, 1L, 1L, 1L, 1L, 1L, 1L, 1L, 1L, 1L, 1L, 1L, 
    1L, 1L, 1L, 1L, 1L, 1L, 1L, 1L, 1L, 1L, 1L, 1L, 1L, 1L, 1L, 
    4L, 4L, 4L, 4L, 4L, 4L, 4L, 4L, 4L, 4L, 4L, 4L, 1L, 1L, 1L, 
    1L, 1L, 1L, 1L, 1L, 1L, 1L, 1L, 1L, 1L, 1L, 1L, 1L, 1L, 1L, 
    1L, 1L, 1L, 1L, 1L, 1L), .Label = c("Non_interesting_Countries", 
    "Brazil", "Mexico", "USA"), class = "factor"), year = c(1952L, 
    1957L, 1962L, 1967L, 1972L, 1977L, 1982L, 1987L, 1992L, 1997L, 
    2002L, 2007L, 1952L, 1957L, 1962L, 1967L, 1972L, 1977L, 1982L, 
    1987L, 1992L, 1997L, 2002L, 2007L, 1952L, 1957L, 1962L, 1967L, 
    1972L, 1977L, 1982L, 1987L, 1992L, 1997L, 2002L, 2007L, 1952L, 
    1957L, 1962L, 1967L, 1972L, 1977L, 1982L, 1987L, 1992L, 1997L, 
    2002L, 2007L, 1952L, 1957L, 1962L, 1967L, 1972L, 1977L, 1982L, 
    1987L, 1992L, 1997L, 2002L, 2007L, 1952L, 1957L, 1962L, 1967L, 
    1972L, 1977L, 1982L, 1987L, 1992L, 1997L, 2002L, 2007L, 1952L, 
    1957L, 1962L, 1967L, 1972L, 1977L, 1982L, 1987L, 1992L, 1997L, 
    2002L, 2007L, 1952L, 1957L, 1962L, 1967L, 1972L, 1977L, 1982L, 
    1987L, 1992L, 1997L, 2002L, 2007L, 1952L, 1957L, 1962L, 1967L, 
    1972L, 1977L, 1982L, 1987L, 1992L, 1997L, 2002L, 2007L, 1952L, 
    1957L, 1962L, 1967L, 1972L, 1977L, 1982L, 1987L, 1992L, 1997L, 
    2002L, 2007L, 1952L, 1957L, 1962L, 1967L, 1972L, 1977L, 1982L, 
    1987L, 1992L, 1997L, 2002L, 2007L, 1952L, 1957L, 1962L, 1967L, 
    1972L, 1977L, 1982L, 1987L, 1992L, 1997L, 2002L, 2007L, 1952L, 
    1957L, 1962L, 1967L, 1972L, 1977L, 1982L, 1987L, 1992L, 1997L, 
    2002L, 2007L, 1952L, 1957L, 1962L, 1967L, 1972L, 1977L, 1982L, 
    1987L, 1992L, 1997L, 2002L, 2007L, 1952L, 1957L, 1962L, 1967L, 
    1972L, 1977L, 1982L, 1987L, 1992L, 1997L, 2002L, 2007L, 1952L, 
    1957L, 1962L, 1967L, 1972L, 1977L, 1982L, 1987L, 1992L, 1997L, 
    2002L, 2007L, 1952L, 1957L, 1962L, 1967L, 1972L, 1977L, 1982L, 
    1987L, 1992L, 1997L, 2002L, 2007L, 1952L, 1957L, 1962L, 1967L, 
    1972L, 1977L, 1982L, 1987L, 1992L, 1997L, 2002L, 2007L, 1952L, 
    1957L, 1962L, 1967L, 1972L, 1977L, 1982L, 1987L, 1992L, 1997L, 
    2002L, 2007L, 1952L, 1957L, 1962L, 1967L, 1972L, 1977L, 1982L, 
    1987L, 1992L, 1997L, 2002L, 2007L, 1952L, 1957L, 1962L, 1967L, 
    1972L, 1977L, 1982L, 1987L, 1992L, 1997L, 2002L, 2007L, 1952L, 
    1957L, 1962L, 1967L, 1972L, 1977L, 1982L, 1987L, 1992L, 1997L, 
    2002L, 2007L, 1952L, 1957L, 1962L, 1967L, 1972L, 1977L, 1982L, 
    1987L, 1992L, 1997L, 2002L, 2007L, 1952L, 1957L, 1962L, 1967L, 
    1972L, 1977L, 1982L, 1987L, 1992L, 1997L, 2002L, 2007L, 1952L, 
    1957L, 1962L, 1967L, 1972L, 1977L, 1982L, 1987L, 1992L, 1997L, 
    2002L, 2007L),